168
165
184
157
180
150
180
171
182
167
196
179
187
183
184
157
196
174
173
149
157
157
183
159
150
181
196
175
188
175
174
165
150
179
165
183
171
179
176
184
174
177
188
188
168
183
195
167
175
151
176
150
187
196
190
196
169
175
167
176
197
183
172
182
162
196
171
159
183
151
184
168
170
176
175
163
148
170
195
184
197
167
158
168
162
167
174
196
166
195
147
194
172
188
167
183
165
160
170
152
178
166
174
171
170
188
179
164
159
182
187
188
172
187
183
166
180
163
175
164
162
197
183
166
196
172
158
168
166
172
165
163
175
176
148
171
176
149
162
183
163
184
173
177
175
178
158
163
149
164
178
172
158
170
197
179
157
187
170
183
172
151
159
163
164
195
183
157
179
173
179
148
187
150
196
151
162
178
151
180
188
186
162
178
158
175
157
196
163
188
171
158
165
164
165
178
170
148
194
175
177
179
164
180
175
158
172
150
167
149
151
184
175
159
183
163
196
158
158
163
149
149
166
167
189
163
173
187
149
175
151
173
169
171
168
172
197
149
187
151
172
164
197
163
183
171
197
178
164
177
162
187
196
152
152
184
175
196
170
164
172
189
178
186
182
189
149
171
187
170
163
158
178
151
175
196
175
167
180
164
189
176
183
179
180
151
189
173
167
196
150
149
180
149
194
173
187
170
184
171
171
166
187
163
184
159
183
176
187
171
150
184
197
188
189
165
149
179
176
160
163
164
188
163
158
183
152
178
196
178
179
168
158
182
167
189
174
184
183
189
179
178
196
198
171
188
150
171
179
158
177
157
196
150
198
151
175
178
171
177
150
189
175
188
166
148
176
163
189
159
188
170
173
178
179
167
157
176
150
189
151
171
163
172
167
172
179
150
172
150
180
176
149
173
197
168
198
183
150
178
163
196
159
150
151
171
162
190
183
168
171
171
150
170
167
196
163
189
156
190
187
172
167
196
175
152
182
196
197
151
188
188
158
157
179
151
162
177
187
169
187
168
157
162
159
163
184
189
181
189
162
149
184
150
174
163
185
170
150
166
150
179
184
188
190
174
166
183
161
151
164
177
173
178
176
179
186
163
179
161
182
177
157
173
150
170
150
187
158
184
167
150
164
159
160
173
169
195
189
172
175
174
157
173
172
150
165
197
164
197
196
180
170
149
179
158
187
150
149
159
196
195
165
163
182
157
166
183
195
171
197
172
164
166
165
166
187
194
181
195
167
159
189
158
178
168
188
174
156
171
158
182
189
194
196
178
172
189
167
159
166
183
174
185
180
182
196
166
182
169
195
188
168
184
162
179
162
149
167
196
177
166
171
169
167
182
174
158
151
180
183
183
169
184
177
163
175
159
172
157
174
171
196
168
188
164
187
179
196
176
159
188
150
198
197
168
160
184
179
162
166
169
195
168
162
188
156
183
150
185
184
171
164
187
171
196
180
187
188
197
184
182
150
150
174
195
159
176
183
163
181
162
150
159
149
158
178
184
175
185
157
197
177
196
170
160
179
168
196
162
195
174
179
184
183
171
164
179
158
198
158
174
167
174
171
175
184
157
175
157
158
149
174
196
173
189
171
164
174
157
183
171
180
175
175
196
183
168
164
189
195
197
175
194
189
171
183
166
180
167
166
150
188
171
149
176
164
170
170
175
167
168
180
178
155
175
184
156
168
186
169
188
179
184
180
183
161
166
157
169
182
175
163
174
150
182
165
197
173
189
174
157
163
168
169
150
189
164
184
177
182
159
195
157
148
158
167
182
159
184
169
158
195
175
159
178
168
173
175
178
171
170
183
183
161
180
187
163
171
196
172
197
184
187
182
187
165
172
160
172
190
179
167
178
157
187
168
151
180
197
179
163
166
170
171
157
197
167
188
180
189
163
151
163
158
161
172
189
162
188
158
189
181
164
188
167
150
164
163
166
158
157
170
172
195
167
175
196
158
179
158
178
171
173
170
174
151
158
197
159
174
168
150
168
187
174
148
181
167
177
168
196
151
159
159
189
177
149
176
167
175
199
184
195
188
196
156
176
194
176